-1.705512439238027866e+00,-2.700657143428025209e-01,1.000000000000000000e+00
-6.312603113909632802e-01,-1.419982211731708688e+00,1.000000000000000000e+00
-2.096150708437178434e+00,-7.896327456135858736e-01,1.000000000000000000e+00
-2.493223293230540705e+00,-3.611821523648360843e-01,1.000000000000000000e+00
-2.530049984046518485e+00,6.580890395568849138e-01,1.000000000000000000e+00
-5.272220745405460374e-01,-3.438163765352553747e-01,1.000000000000000000e+00
-2.060062221978727681e+00,4.259917460696051594e-01,1.000000000000000000e+00
1.783372322679153354e+00,-7.210873350891486844e-01,1.000000000000000000e+00
2.865995099489900166e+00,-3.329787893488628248e-01,1.000000000000000000e+00
-1.205761597667229568e+00,5.420947128325246389e-01,1.000000000000000000e+00
3.815625018753425191e-01,-7.109622135531625808e-01,1.000000000000000000e+00
-9.344617053619207470e-01,-8.577120962416692751e-02,1.000000000000000000e+00
-3.499223807761919769e-01,-7.971981208455893031e-02,1.000000000000000000e+00
2.582018757567261957e+00,-6.517175359579735483e-01,1.000000000000000000e+00
2.214907362760377474e+00,5.299609168863445019e-01,1.000000000000000000e+00
2.269772989819164533e+00,6.918285161251326310e-01,1.000000000000000000e+00
1.579516137012152655e+00,1.008708638603679625e-01,1.000000000000000000e+00
1.139730768366730151e+00,-9.973346067538119142e-01,1.000000000000000000e+00
1.335223544413406960e-01,-3.734197289757436033e-01,1.000000000000000000e+00
1.431237050424369439e+00,-7.619397727025668532e-01,1.000000000000000000e+00
2.939324383204348301e+00,-1.986381307808238184e-01,1.000000000000000000e+00
8.537879906600952529e-01,-1.337870815405388214e+00,1.000000000000000000e+00
-1.693694684571290132e+00,2.090627190501502253e-01,1.000000000000000000e+00
5.608414525299296738e-01,-1.443917263557507935e+00,1.000000000000000000e+00
1.063331431993904452e+00,4.885286337500171494e-01,1.000000000000000000e+00
-1.864301221789304908e+00,-1.125638747131604944e+00,1.000000000000000000e+00
1.807712824975409971e+00,1.140676738254303713e+00,1.000000000000000000e+00
2.521494153579548758e+00,-4.568617185855258778e-01,1.000000000000000000e+00
-2.359613180751385375e+00,-1.629854817349155605e-01,1.000000000000000000e+00
-2.411429868273609500e+00,7.165189617209104522e-01,1.000000000000000000e+00
-1.483115093601038159e-01,8.085768758691870284e-01,1.000000000000000000e+00
4.192572832451360032e-01,-1.366081561278660539e+00,1.000000000000000000e+00
-2.269216358774077680e+00,3.207597794026822435e-01,1.000000000000000000e+00
-3.137361584230793921e-01,-7.193980596308249820e-02,1.000000000000000000e+00
1.755490139183849330e+00,1.041105573636095655e-01,1.000000000000000000e+00
-8.533695149814134462e-01,-3.889177996164075446e-01,1.000000000000000000e+00
-2.265293938735694290e+00,-9.624068629602042790e-01,1.000000000000000000e+00
-1.539638933623976857e+00,-6.954934790185159921e-01,1.000000000000000000e+00
1.984997020573530557e+00,-3.661656448255935503e-01,1.000000000000000000e+00
-9.965560571086617969e-01,-1.091115103074436155e+00,1.000000000000000000e+00
-1.156617997312638257e+00,7.034728607876531425e-01,1.000000000000000000e+00
-1.024253666863904177e+00,2.138965118265352128e-01,1.000000000000000000e+00
-8.789729707754858623e-01,-1.287096161461365629e+00,1.000000000000000000e+00
1.214670891785017526e+00,2.414569484271535948e-01,1.000000000000000000e+00
-1.071430510145180648e+00,-9.292345646886127630e-01,1.000000000000000000e+00
-6.795105302033170869e-01,-6.239228117554808106e-01,1.000000000000000000e+00
2.311859102646382780e-01,4.547398804100584169e-01,1.000000000000000000e+00
1.920549342272460658e+00,1.008862463457230962e+00,1.000000000000000000e+00
-1.182505364861605068e+00,1.356277669144642317e+00,1.000000000000000000e+00
-1.926764980388510962e+00,1.110752969038960147e+00,1.000000000000000000e+00
-2.583038981846957682e+00,-6.096944134666238968e-01,1.000000000000000000e+00
-2.445418664541201270e+00,4.965766681493599122e-01,1.000000000000000000e+00
1.726943899145720218e+00,-6.318848285319382529e-02,1.000000000000000000e+00
6.846742402859230525e-01,2.555062105805184225e-01,1.000000000000000000e+00
4.891826842791631158e-01,9.254554073705683059e-01,1.000000000000000000e+00
7.645860454768861336e-01,6.134972409474434007e-01,1.000000000000000000e+00
-6.244665955590462669e-01,-4.478923374687106551e-01,1.000000000000000000e+00
-1.434031476591912484e-02,3.466406610071305905e-01,1.000000000000000000e+00
-2.498417656423083777e+00,2.684485481282182229e-01,1.000000000000000000e+00
1.123015899492624085e-02,1.602505937229468935e-01,1.000000000000000000e+00
1.425456216631722173e+00,1.107169963351490205e+00,1.000000000000000000e+00
8.843665630191250848e-01,3.675648210918434633e-01,1.000000000000000000e+00
-4.696549316676509878e-01,-3.518248813120868346e-01,1.000000000000000000e+00
5.802772118526675627e-01,3.426753804812737725e-01,1.000000000000000000e+00
8.100302033592612361e-01,1.161064310862126803e+00,1.000000000000000000e+00
-1.008552525394181609e+00,5.456937539033733797e-01,1.000000000000000000e+00
8.393103210473564779e-01,-8.775553237694289077e-01,1.000000000000000000e+00
1.835642070867657516e+00,6.416263144494526172e-01,1.000000000000000000e+00
1.460728987672952117e+00,-1.184401894315343373e+00,1.000000000000000000e+00
2.105704290590283634e+00,7.261900242002131689e-01,1.000000000000000000e+00
1.542761136733413974e+00,-1.149339181154291900e-01,1.000000000000000000e+00
-1.066782669942155648e+00,1.064423890318540455e-01,1.000000000000000000e+00
6.984403021130703992e-01,-5.135666503722900733e-02,1.000000000000000000e+00
-1.302791423243661040e+00,-5.042623865239301839e-01,1.000000000000000000e+00
-1.035332257000184664e-01,-7.662154093877995287e-01,1.000000000000000000e+00
1.965036167318095162e+00,2.469301330012846074e-01,1.000000000000000000e+00
-5.075595372524304150e-01,1.213663394034073084e+00,1.000000000000000000e+00
1.821853774928977376e+00,8.575368554072105853e-01,1.000000000000000000e+00
-4.566368230540550632e-01,7.653679558014235829e-01,1.000000000000000000e+00
1.358045573249790028e+00,6.275059410232171064e-01,1.000000000000000000e+00
-5.289747077435563716e-01,5.810646294087573605e-01,1.000000000000000000e+00
-2.286714703761686618e+00,6.833457167420400324e-01,1.000000000000000000e+00
6.579683537933304072e-01,1.402768096529656561e-01,1.000000000000000000e+00
-8.857202632957879018e-01,-1.171374704216388452e+00,1.000000000000000000e+00
-2.418880452468133768e+00,-5.378837978916747309e-01,1.000000000000000000e+00
-2.553717051502841229e-01,1.316382671266928428e+00,1.000000000000000000e+00
-1.511733689469961117e+00,-1.112028902836307842e-01,1.000000000000000000e+00
1.523867158188901394e+00,5.104280374319024594e-01,1.000000000000000000e+00
-2.042759440433569829e+00,-5.280934068152690619e-01,1.000000000000000000e+00
1.414873244210677949e+00,-3.367234862008267049e-01,1.000000000000000000e+00
-7.629744308424257770e-01,8.299917485797184691e-01,1.000000000000000000e+00
-6.604654215828470454e-01,-5.782028079670983312e-01,1.000000000000000000e+00
1.375788197751234954e+00,7.493179880285264494e-01,1.000000000000000000e+00
-1.330646573104115604e-01,-3.097597892972429601e-01,1.000000000000000000e+00
-6.575180392204191815e-01,1.300560743413710973e+00,1.000000000000000000e+00
3.391768019122975431e-01,3.799891840316776404e-01,1.000000000000000000e+00
-1.849442480799471156e+00,-5.588109809448167375e-01,1.000000000000000000e+00
1.648469026152192374e+00,1.046909328972757819e-01,1.000000000000000000e+00
1.085013999114936567e+00,-1.002575578348958274e+00,1.000000000000000000e+00
2.937241295568734589e+00,4.334062501431733966e-02,1.000000000000000000e+00
-1.056131640286882778e+00,-1.083364915262739814e+00,1.000000000000000000e+00
-7.073441622454433586e-02,2.798475317743535085e-01,1.000000000000000000e+00
-1.828306395902100367e-01,-9.798207633031136288e-01,1.000000000000000000e+00
2.082284733510598507e+00,-2.521120581472385824e-01,1.000000000000000000e+00
1.720946771289326785e-02,1.098328421574360725e+00,1.000000000000000000e+00
-2.198250575381592409e+00,-5.701374841362913948e-01,1.000000000000000000e+00
-1.323587390593809587e+00,-4.319957462310727303e-01,1.000000000000000000e+00
-9.678363800569262931e-01,-2.361344059191642919e-01,1.000000000000000000e+00
3.164421231241290045e-01,9.265453944136443631e-01,1.000000000000000000e+00
2.805528255679655025e+00,-4.291452876784890846e-01,1.000000000000000000e+00
-1.226797778713676568e+00,2.116277604077452801e-01,1.000000000000000000e+00
1.624071449828829339e+00,-1.172417110098302295e+00,1.000000000000000000e+00
-6.905173345150042996e-01,-1.050885265077761810e+00,1.000000000000000000e+00
-5.955037754091956348e-01,9.692236646261385147e-01,1.000000000000000000e+00
1.099405349855451242e+00,-1.297081393820200823e+00,1.000000000000000000e+00
-1.616994650367013842e+00,6.149723482811506603e-01,1.000000000000000000e+00
1.873082940630903526e+00,-8.673334172942630538e-01,1.000000000000000000e+00
-1.653293551219927604e+00,-4.631005098308892398e-01,1.000000000000000000e+00
2.100504076921612562e+00,-9.649199654562422568e-01,1.000000000000000000e+00
-8.804080218795627966e-01,-1.165665785799167464e+00,1.000000000000000000e+00
-3.885811558599368554e-01,-1.239516354628409589e+00,1.000000000000000000e+00
-1.717346611131851830e+00,-7.145474931970950683e-03,1.000000000000000000e+00
2.511064909852390947e+00,-3.555139952027222550e-01,1.000000000000000000e+00
-1.478408659651610835e+00,-9.405925438375799530e-01,1.000000000000000000e+00
-1.304728071848216819e+00,3.383293953193469150e-01,1.000000000000000000e+00
-9.432957723910450065e-01,-3.725058684626624816e-01,1.000000000000000000e+00
2.657779186739196220e+00,1.610380895874665430e-01,1.000000000000000000e+00
-9.355308213748383395e-01,1.392594836050199181e+00,1.000000000000000000e+00
-1.086168367851761962e+00,-8.578297794461650083e-01,1.000000000000000000e+00
-5.746339244563434256e-01,1.116764673149301723e+00,1.000000000000000000e+00
-2.048924170090464791e+00,-9.382714882912475129e-01,1.000000000000000000e+00
-1.828749049922965497e+00,4.389441856861088787e-01,1.000000000000000000e+00
1.929059794862167054e+00,1.100636020596836406e+00,1.000000000000000000e+00
-6.800247299051929151e-01,1.086200582894478739e+00,1.000000000000000000e+00
-2.459471816645780518e+00,-5.783386701226492788e-01,1.000000000000000000e+00
-2.406337032407565246e+00,-7.728414378413267505e-01,1.000000000000000000e+00
-2.419099365292905368e+00,-6.098509305060912933e-01,1.000000000000000000e+00
-6.844206749841543758e-01,-4.915024187872420458e-01,1.000000000000000000e+00
-1.372838993162770915e+00,-9.715193063453673172e-01,1.000000000000000000e+00
-1.720542903031347937e+00,3.954871826006358670e-01,1.000000000000000000e+00
5.980714619499375440e-01,-2.273362567933102374e-01,1.000000000000000000e+00
-1.315313586910217936e+00,7.221911857496519094e-01,1.000000000000000000e+00
-1.403609859463345044e+00,2.991805326312018676e-01,1.000000000000000000e+00
2.151066130172743396e+00,-8.680811136466823896e-01,1.000000000000000000e+00
1.893136921309254983e-01,-2.568569470016446865e-01,1.000000000000000000e+00
-8.393092281446377090e-01,-1.407693549420692802e+00,1.000000000000000000e+00
1.445333555434322959e+00,5.266238101773751401e-01,1.000000000000000000e+00
1.567306664292989593e+00,-4.341404823572862504e-01,1.000000000000000000e+00
-8.540749152654956988e-02,-1.868569536734674130e-01,1.000000000000000000e+00
1.291124872264677315e+00,-4.676840417849639255e-03,1.000000000000000000e+00
1.122321122508326496e+00,7.667676970902150835e-01,1.000000000000000000e+00
1.954746384908288004e+00,-1.065667552102015136e+00,1.000000000000000000e+00
4.947662121926716949e-01,4.036523155092628934e-01,1.000000000000000000e+00
-2.181127611197964722e+00,-9.682969772984908463e-01,1.000000000000000000e+00
1.992665510756618241e+00,9.816670689649259485e-01,1.000000000000000000e+00
1.167791308107891446e+00,-8.251855901667856097e-01,1.000000000000000000e+00
6.042898340849092165e-01,-8.023624075715370951e-01,1.000000000000000000e+00
-1.313023340234167335e+00,-3.044120856305730927e-01,1.000000000000000000e+00
-1.962939934696183997e+00,6.475046662123004060e-01,1.000000000000000000e+00
4.948760591929435293e-01,1.148575305728936902e-01,1.000000000000000000e+00
-1.215540745819115032e-01,-1.772563024083974870e-01,1.000000000000000000e+00
-1.881375332795495181e+00,2.826607328728119040e-01,1.000000000000000000e+00
-1.367266171124963958e-01,-3.853480562898476958e-01,1.000000000000000000e+00
1.005583861532181489e+00,-5.604172534016201856e-01,1.000000000000000000e+00
1.394178471774814021e+00,-1.080678339682987488e-01,1.000000000000000000e+00
9.312184588163563426e-01,-5.940439641696052542e-01,1.000000000000000000e+00
1.083106188783488300e+00,3.993139352760625982e-02,1.000000000000000000e+00
-2.097598701837492807e-01,1.268136456965348324e-01,1.000000000000000000e+00
-1.278358821962765346e-01,-5.057214305998493087e-01,1.000000000000000000e+00
1.115374822220330353e+00,1.039502446073564679e+00,1.000000000000000000e+00
-2.935303600509266531e+00,-1.951273226638111646e-01,1.000000000000000000e+00
2.813165169293876833e+00,4.998016467359316373e-01,1.000000000000000000e+00
5.929569653663822049e-01,9.123991582061337091e-01,1.000000000000000000e+00
1.202836985106482848e+00,7.030828841501422788e-02,1.000000000000000000e+00
6.500682629695750947e-01,-1.153935339368987734e+00,1.000000000000000000e+00
3.426252004998274203e-01,1.036262043466936955e+00,1.000000000000000000e+00
-1.682747015116903500e+00,1.232177998370673100e+00,1.000000000000000000e+00
6.896916923805518351e-01,-1.673792354410128247e-01,1.000000000000000000e+00
-7.501018487235627807e-01,-1.273426201372287236e+00,1.000000000000000000e+00
1.578952035464565862e+00,1.600757208993216774e-01,1.000000000000000000e+00
7.527796140036526751e-01,6.336581163035942543e-01,1.000000000000000000e+00
-1.764414861256621503e+00,-8.440055303685605192e-01,1.000000000000000000e+00
-1.316354947866034575e+00,-3.470512628370950869e-01,1.000000000000000000e+00
1.860442697680876334e-01,1.220462984661880856e+00,1.000000000000000000e+00
1.976005796440848616e+00,-4.333525548709634134e-01,1.000000000000000000e+00
-1.473827710906594479e+00,-6.412161832187471822e-01,1.000000000000000000e+00
-2.178556153893887348e+00,-2.480339504401781747e-01,1.000000000000000000e+00
-1.357588441709192351e+00,-4.302375222520328779e-01,1.000000000000000000e+00
-3.141394712876719453e-01,-1.251048435217029464e+00,1.000000000000000000e+00
-7.332223096407238794e-01,8.938815453748889528e-01,1.000000000000000000e+00
-1.445408011003497695e+00,5.375187731837703931e-01,1.000000000000000000e+00
6.817481794929838301e-01,1.322226498255843596e+00,1.000000000000000000e+00
1.125992569270955590e+00,1.328235948685823953e+00,1.000000000000000000e+00
6.045731869959121152e-01,-1.101783322065620629e-01,1.000000000000000000e+00
-9.492975842049021507e-02,-7.219126118226008026e-01,1.000000000000000000e+00
-1.767884316498768538e+00,5.305508672773721901e-02,1.000000000000000000e+00
3.830360366784992254e-01,1.340520580682916574e+00,1.000000000000000000e+00
-8.150968506540616498e-02,1.488520995823557014e+00,1.000000000000000000e+00
2.758965326942046214e+00,5.265110793622328478e-01,1.000000000000000000e+00
-2.614974116875725674e+00,5.714992296625082124e-01,1.000000000000000000e+00
-6.185098977875170823e-01,7.560509063408269448e-01,1.000000000000000000e+00
-9.883790426377015992e-01,-1.409894327494515265e+00,1.000000000000000000e+00
-1.077587774649552799e+00,5.204769345114838019e-01,1.000000000000000000e+00
4.178854217093132539e-01,4.411709329338571739e-01,1.000000000000000000e+00
2.890404093165574562e+00,2.259079888528951474e-01,1.000000000000000000e+00
1.321931457860924253e+00,2.971866080136175703e-01,1.000000000000000000e+00
-1.069451994229884795e+00,-1.125187408583285587e+00,1.000000000000000000e+00
-6.942573704080555741e-01,1.039398076525423070e-01,1.000000000000000000e+00
-2.497011664719631430e+00,-2.921106975109698523e-01,1.000000000000000000e+00
2.243873283816451902e+00,-8.515448604124346010e-01,1.000000000000000000e+00
1.562980608171050223e+00,-4.749652006967484269e-02,1.000000000000000000e+00
3.814038139510818604e-01,9.036098709344128066e-01,1.000000000000000000e+00
-9.532983124127124563e-01,-7.842015011206174835e-01,1.000000000000000000e+00
-2.170476333659711876e-01,1.293443528213681804e+00,1.000000000000000000e+00
1.450666467921364111e+00,9.464668734285321128e-02,1.000000000000000000e+00
6.544152809548775540e-02,-6.209660413076778518e-01,1.000000000000000000e+00
-8.563856958966526989e-01,9.097016513744009547e-01,1.000000000000000000e+00
-1.231080214441877541e+00,5.533211481602743342e-01,1.000000000000000000e+00
-2.335837960884431741e+00,-7.239756765284199869e-01,1.000000000000000000e+00
7.131204638420526321e-01,-6.385796031409171070e-01,1.000000000000000000e+00
-1.465495736242554914e+00,-7.703615002805899170e-01,1.000000000000000000e+00
2.028896247997856062e+00,-1.044848363656372570e+00,1.000000000000000000e+00
-3.520497787553664715e-01,1.181317086241056913e+00,1.000000000000000000e+00
8.306749780217393964e-01,-1.333752575447444633e+00,1.000000000000000000e+00
1.144599724090101134e+00,1.337140482130221963e+00,1.000000000000000000e+00
2.485885473512290389e+00,-3.798872100893057602e-01,1.000000000000000000e+00
-9.604069612001950862e-01,-1.159072259492583301e+00,1.000000000000000000e+00
6.346707807351767983e-01,1.441256665164037054e+00,1.000000000000000000e+00
2.829510070069436001e+00,-4.856644598394994627e-01,1.000000000000000000e+00
-2.419769124751988409e-01,-1.000979809718558711e+00,1.000000000000000000e+00
-1.977718631920634407e-02,3.991982172302284693e-01,1.000000000000000000e+00
3.708970829230833210e-01,7.901869457355988891e-01,1.000000000000000000e+00
-1.163330619109447683e+00,-6.680984551696560192e-02,1.000000000000000000e+00
1.913251455076550034e+00,1.556006449308374173e-01,1.000000000000000000e+00
2.870313816919682903e-01,5.242177367714926373e-01,1.000000000000000000e+00
-2.075508770160090943e+00,5.313481864974429758e-01,1.000000000000000000e+00
-1.305629702140246762e+00,6.596596875112683556e-01,1.000000000000000000e+00
-2.764725032130286309e+00,3.220125988630250236e-01,1.000000000000000000e+00
-5.097647469899043715e-01,1.453469293527802408e+00,1.000000000000000000e+00
-1.896818089233734961e+00,-5.753358261442793609e-01,1.000000000000000000e+00
1.031541394159850578e+00,-5.935769707761414660e-01,1.000000000000000000e+00
1.707271763399038855e+00,7.770612740892554049e-01,1.000000000000000000e+00
-2.824003737946820358e+00,-1.548009302960361988e-01,1.000000000000000000e+00
1.291489705874345750e+00,7.058070650224340659e-01,1.000000000000000000e+00
-4.608028977602101062e-01,-1.090454627625965234e+00,1.000000000000000000e+00
-1.241847483597351642e+00,4.750499278860694785e-01,1.000000000000000000e+00
-1.855949231278584577e+00,-4.044903571059123015e-01,1.000000000000000000e+00
7.739635649871277057e-01,8.683896329541255232e-01,1.000000000000000000e+00
9.175684611500793952e-01,5.902942708618759138e-01,1.000000000000000000e+00
-2.127723101377012593e+00,7.998727757331614008e-02,1.000000000000000000e+00
-1.333403252854520993e+00,1.672194836436389442e+00,0.000000000000000000e+00
-2.682539583871617062e+00,1.374807759751144776e+00,0.000000000000000000e+00
-4.132141910358628323e+00,-3.268401739394760086e-01,0.000000000000000000e+00
1.426055175224114589e-02,-1.907175856128972447e+00,0.000000000000000000e+00
-1.786906952102502721e+00,1.543604076013052495e+00,0.000000000000000000e+00
3.676384028464112053e+00,-9.488771992870904670e-01,0.000000000000000000e+00
2.381078733045468354e+00,-1.397164902251011087e+00,0.000000000000000000e+00
3.135186351713513009e+00,4.951178294159139237e-01,0.000000000000000000e+00
-8.117872703187303807e-02,1.773185140941447191e+00,0.000000000000000000e+00
-3.412940715851016549e+00,6.006490106878562552e-01,0.000000000000000000e+00
3.262178782170740643e+00,1.259105571866862450e+00,0.000000000000000000e+00
-2.178035932579036160e+00,1.529491931923226300e+00,0.000000000000000000e+00
-2.326608558462360532e-01,-1.867277255685283910e+00,0.000000000000000000e+00
-1.537457857764445102e+00,-1.647434342673294028e+00,0.000000000000000000e+00
-2.975245510074600475e+00,-1.439513515108481467e+00,0.000000000000000000e+00
-1.029938734529085131e+00,-2.033680100033400162e+00,0.000000000000000000e+00
1.183687859294157541e+00,2.033500271801859327e+00,0.000000000000000000e+00
-2.002669706881422318e+00,1.541253642920153988e+00,0.000000000000000000e+00
-1.883664578068948936e+00,-1.884679638946893165e+00,0.000000000000000000e+00
2.947817624581607898e+00,-1.397489190794380942e+00,0.000000000000000000e+00
-3.809785562564453887e+00,-5.363058433194087815e-01,0.000000000000000000e+00
-7.231250518175097453e-01,1.734956369138618948e+00,0.000000000000000000e+00
3.452218695712070407e+00,3.319180455226708459e-01,0.000000000000000000e+00
-8.542255259624506047e-01,-1.678231441678049940e+00,0.000000000000000000e+00
4.171459744370575429e+00,1.034059895731458678e-01,0.000000000000000000e+00
-2.504062915492878183e+00,1.289090850600928873e+00,0.000000000000000000e+00
-3.681155388803801998e+00,-3.575519440279459893e-01,0.000000000000000000e+00
3.344246817790206716e+00,-8.905770076764959464e-01,0.000000000000000000e+00
3.426437827214476428e+00,1.079624854228954822e+00,0.000000000000000000e+00
-3.411544470274813445e+00,1.144536592962312582e+00,0.000000000000000000e+00
3.395298567292585279e+00,2.613766856525902016e-01,0.000000000000000000e+00
-2.047139394223771447e+00,1.555870471322794435e+00,0.000000000000000000e+00
-2.954267020833605262e+00,-1.426609754105009120e+00,0.000000000000000000e+00
-7.419987463537915939e-01,2.008685992250371477e+00,0.000000000000000000e+00
8.498857689459009546e-01,1.644313932967229608e+00,0.000000000000000000e+00
2.580316114408612194e+00,1.147598455642540483e+00,0.000000000000000000e+00
-3.189068837476928042e+00,-8.396532810257597568e-01,0.000000000000000000e+00
-1.135449691059396971e+00,-1.585350063587942060e+00,0.000000000000000000e+00
-1.753115661938032366e+00,-1.641962171939402637e+00,0.000000000000000000e+00
3.228061510916468091e+00,-5.372304809894636879e-01,0.000000000000000000e+00
3.858350844048985984e+00,3.276979802105938616e-02,0.000000000000000000e+00
-2.134583850628859469e+00,-1.415870911424731204e+00,0.000000000000000000e+00
-3.137507294147508397e+00,-1.145683862338173986e+00,0.000000000000000000e+00
-2.895786845482065885e+00,-9.028570172567764729e-01,0.000000000000000000e+00
4.107138303207918284e+00,-4.893308724513063535e-01,0.000000000000000000e+00
4.161532822185790792e+00,2.214075640324983107e-01,0.000000000000000000e+00
-1.217767304137052031e+00,-1.741980248929387853e+00,0.000000000000000000e+00
1.379547246664816429e+00,-1.630991667048558025e+00,0.000000000000000000e+00
-3.543313929469858348e+00,-1.093086567598777481e-01,0.000000000000000000e+00
-1.902444251421799848e+00,1.632570007969747827e+00,0.000000000000000000e+00
8.451159061098555414e-01,-1.610413555497878901e+00,0.000000000000000000e+00
3.214905160773396275e+00,1.125862066482113510e+00,0.000000000000000000e+00
-3.463592494516692266e+00,6.601719419919700460e-01,0.000000000000000000e+00
-3.647738509391243333e+00,-2.298538066598722340e-01,0.000000000000000000e+00
-1.406389906751605468e+00,-1.913732950603965310e+00,0.000000000000000000e+00
3.355331622760396204e+00,1.077822459246393638e+00,0.000000000000000000e+00
5.855218050612578384e-01,2.081367800667699441e+00,0.000000000000000000e+00
-3.086821710470115665e+00,9.753810357162119304e-01,0.000000000000000000e+00
-2.969192389767829177e+00,-1.453117722177088789e+00,0.000000000000000000e+00
3.065212191996100621e+00,-1.317975526995768920e+00,0.000000000000000000e+00
-2.684209877928086740e+00,-1.241820722036318880e+00,0.000000000000000000e+00
2.612925019657107217e+00,1.453324979496444236e+00,0.000000000000000000e+00
3.561870726105758944e+00,-2.183922077381900972e-01,0.000000000000000000e+00
2.864030768025485951e+00,-1.491057272771758369e+00,0.000000000000000000e+00
-3.406770355311805165e+00,-2.912228569892376384e-02,0.000000000000000000e+00
3.101633174185420838e+00,-8.230126144400167210e-01,0.000000000000000000e+00
-3.364067102059590919e+00,-4.474629134955821486e-01,0.000000000000000000e+00
3.280070704138782212e+00,-8.577475434475745342e-01,0.000000000000000000e+00
1.934693530602712430e+00,-1.762288161373966267e+00,0.000000000000000000e+00
3.744584216897770546e+00,-3.780947882925027592e-01,0.000000000000000000e+00
3.312598956743961320e+00,-9.135039246294885951e-01,0.000000000000000000e+00
3.203048187869929286e+00,3.689218255408363567e-01,0.000000000000000000e+00
1.695089213139197915e+00,1.657525639474057400e+00,0.000000000000000000e+00
-2.573585045618083544e+00,1.076365085808633104e+00,0.000000000000000000e+00
3.349693601641881457e+00,-5.193688935607637669e-01,0.000000000000000000e+00
-1.293922801754078478e+00,1.989912067379890237e+00,0.000000000000000000e+00
1.874372111511719563e+00,1.486404744581570236e+00,0.000000000000000000e+00
3.113204607393542211e+00,-1.349813697392191481e+00,0.000000000000000000e+00
-3.843163445031805292e+00,6.728534405821355868e-01,0.000000000000000000e+00
2.893252120224378388e+00,-9.453762577409704493e-01,0.000000000000000000e+00
2.081601556125024732e+00,1.645300964404680100e+00,0.000000000000000000e+00
-1.807270845950152083e+00,-1.446248385227682398e+00,0.000000000000000000e+00
-3.726282404029744200e+00,7.341005015797884559e-01,0.000000000000000000e+00
3.478606135281651301e+00,9.067838431319703574e-01,0.000000000000000000e+00
-1.346684085288099686e+00,-1.925642725079544038e+00,0.000000000000000000e+00
6.169827718623365626e-02,1.887310393006036646e+00,0.000000000000000000e+00
4.041266059743543693e+00,5.136104717500543648e-01,0.000000000000000000e+00
3.105843557161867885e+00,6.142166180007022636e-01,0.000000000000000000e+00
3.331537140759690985e+00,6.726176380257303800e-01,0.000000000000000000e+00
3.341037591231762693e+00,-1.093828884666777412e+00,0.000000000000000000e+00
-2.360492712941794358e-01,-1.854364248611036325e+00,0.000000000000000000e+00
2.782752603056672047e+00,-1.037007437405060184e+00,0.000000000000000000e+00
-1.590226200405360446e+00,-1.503587210526035722e+00,0.000000000000000000e+00
-4.017365838537220846e+00,-3.693282151006793690e-01,0.000000000000000000e+00
-1.264416245967130203e+00,1.775378903353241000e+00,0.000000000000000000e+00
4.141211269080570467e+00,-2.651255673101016869e-02,0.000000000000000000e+00
-2.598290639287403447e+00,1.527135187276480677e+00,0.000000000000000000e+00
-3.645225267438913619e+00,3.399858196183536130e-01,0.000000000000000000e+00
-2.649454718481868198e+00,1.271777201068949648e+00,0.000000000000000000e+00
3.778064882854841766e+00,-2.443470057254861216e-01,0.000000000000000000e+00
1.890824437956473592e+00,1.845671599160629839e+00,0.000000000000000000e+00
-1.888916361317091397e+00,1.770621413084302764e+00,0.000000000000000000e+00
-1.395126083185215471e+00,-1.490865902315936298e+00,0.000000000000000000e+00
3.665309746285923431e+00,7.686743448364729003e-01,0.000000000000000000e+00
-3.261451534797564555e+00,-1.302246829127308603e+00,0.000000000000000000e+00
-3.950112299307098507e+00,2.792374846323117388e-01,0.000000000000000000e+00
-7.366881119396520017e-01,1.697920216987002684e+00,0.000000000000000000e+00
2.748786328469248752e-01,1.884527278568945752e+00,0.000000000000000000e+00
-3.422330427832467770e+00,-1.564686644193168941e-01,0.000000000000000000e+00
-2.469490339686244429e+00,1.349665094221679906e+00,0.000000000000000000e+00
-4.033592421578654275e+00,5.651050518609290751e-01,0.000000000000000000e+00
-2.181999684763129999e+00,1.780917992926422055e+00,0.000000000000000000e+00
3.521400148325116497e+00,-3.302144496549341834e-01,0.000000000000000000e+00
2.433440614286167758e+00,1.353117723512924364e+00,0.000000000000000000e+00
3.191239336721115372e+00,1.111027018833148583e+00,0.000000000000000000e+00
-2.331782890172020561e+00,1.753411608762739826e+00,0.000000000000000000e+00
-2.896268408777436854e+00,-9.321747300786245027e-01,0.000000000000000000e+00
-1.921264426690654448e+00,-1.496541248786435130e+00,0.000000000000000000e+00
-3.302065304842876081e+00,1.243580905997522912e+00,0.000000000000000000e+00
3.786994708521536079e+00,-8.589905848869148694e-03,0.000000000000000000e+00
-2.482666038268702469e+00,1.666500015486184427e+00,0.000000000000000000e+00
-6.224991795154094509e-01,-1.713784090373515312e+00,0.000000000000000000e+00
-2.483016510929352272e+00,-1.455149720496659471e+00,0.000000000000000000e+00
1.399327071353724028e+00,-1.672649477808492824e+00,0.000000000000000000e+00
3.576230437739503554e+00,-2.691107055708416573e-01,0.000000000000000000e+00
2.881702805553492563e+00,-1.195125838654423900e+00,0.000000000000000000e+00
3.408669474638418850e-01,-1.857549956101841371e+00,0.000000000000000000e+00
-1.168249141717530248e+00,-1.732634661184919933e+00,0.000000000000000000e+00
-2.133858972100970419e+00,1.791259014873103572e+00,0.000000000000000000e+00
2.403081444408095457e+00,1.604194323224148233e+00,0.000000000000000000e+00
3.698632003097217069e+00,7.678638621611380000e-01,0.000000000000000000e+00
1.825863669899812636e-01,1.792626498719928740e+00,0.000000000000000000e+00
-3.522893491134833521e+00,7.982370113570711467e-01,0.000000000000000000e+00
-4.012310068292428866e+00,-2.790429338168257667e-01,0.000000000000000000e+00
5.875871328559798545e-01,-2.011404485354277405e+00,0.000000000000000000e+00
3.522487272534240432e+00,-4.670927992019716646e-01,0.000000000000000000e+00
2.993801814514646775e+00,1.358991771746896449e+00,0.000000000000000000e+00
3.139110410228755921e+00,1.249442064424069798e+00,0.000000000000000000e+00
-2.906204944984417171e+00,-9.182618790717876900e-01,0.000000000000000000e+00
-1.193239440328088957e-01,-2.062799624906590967e+00,0.000000000000000000e+00
2.162225798025974477e+00,-1.524983129714055030e+00,0.000000000000000000e+00
3.478586767132894497e+00,-7.418876827940851237e-01,0.000000000000000000e+00
3.725141674084663457e+00,-1.946648376462049579e-01,0.000000000000000000e+00
-3.118812869151866618e+00,1.135946466371847929e+00,0.000000000000000000e+00
-2.854432876213804260e+00,1.334600271264075877e+00,0.000000000000000000e+00
2.271510281870020798e+00,1.518809888765869642e+00,0.000000000000000000e+00
-1.641010723687757800e+00,-1.893935143834608148e+00,0.000000000000000000e+00
-2.164043006931802626e+00,-1.630690659563885925e+00,0.000000000000000000e+00
2.395240992791872525e+00,-1.410062216840904936e+00,0.000000000000000000e+00
3.042555705907061814e+00,1.065719877148200379e+00,0.000000000000000000e+00
-4.078577206418088075e+00,2.848684001110790218e-02,0.000000000000000000e+00
-3.184635672430414122e+00,-8.895332514384483025e-01,0.000000000000000000e+00
1.861314872939374143e-01,1.752700031313909834e+00,0.000000000000000000e+00
1.632188670104694150e+00,1.463174553737826677e+00,0.000000000000000000e+00
2.628052279355429732e+00,-1.596929438172117965e+00,0.000000000000000000e+00
3.893889689894907580e+00,7.501928971105800148e-01,0.000000000000000000e+00
-3.357361854706675697e+00,3.134432516970082072e-01,0.000000000000000000e+00
2.713504646496283090e+00,1.208832440023751786e+00,0.000000000000000000e+00
-3.347486149402350453e+00,4.628756258621695707e-01,0.000000000000000000e+00
3.383936218839260324e+00,-2.141521902609126726e-01,0.000000000000000000e+00
-3.688280382893307063e+00,9.585964175246828312e-01,0.000000000000000000e+00
2.087187177564613361e+00,-1.308927609883031584e+00,0.000000000000000000e+00
3.129011696843351675e+00,1.420280128882532855e+00,0.000000000000000000e+00
-4.513712472193916470e-01,1.680082601704807166e+00,0.000000000000000000e+00
-3.394157843651236295e+00,1.172250102001979766e+00,0.000000000000000000e+00
-3.117951346827028569e+00,1.135476042145043385e+00,0.000000000000000000e+00
-1.738728062228544369e+00,-1.614452743029945569e+00,0.000000000000000000e+00
-2.041823585872498015e+00,1.507963987954943574e+00,0.000000000000000000e+00
-9.099023777210610842e-01,-1.963740021892476761e+00,0.000000000000000000e+00
-2.318195333465060681e+00,-1.386623427604957381e+00,0.000000000000000000e+00
-3.176206665176398936e+00,1.166662699726493724e+00,0.000000000000000000e+00
-3.466152346017243424e+00,7.922335065362566819e-01,0.000000000000000000e+00
-2.843159008097405405e+00,-1.245812937383927954e+00,0.000000000000000000e+00
3.761736560885934111e+00,8.856785075816205888e-01,0.000000000000000000e+00
1.690080625140961690e+00,-1.727503393816420818e+00,0.000000000000000000e+00
-2.334128131696523223e+00,-1.681163987150978256e+00,0.000000000000000000e+00
-5.928380992836871366e-01,-1.979436310769333129e+00,0.000000000000000000e+00
-3.239138947640205046e+00,-3.826196053213603565e-01,0.000000000000000000e+00
3.109397565979193256e+00,1.294028511540770809e+00,0.000000000000000000e+00
-2.908364493430902087e+00,9.877856262881515859e-01,0.000000000000000000e+00
-3.445843295180536003e+00,1.164993716977762661e+00,0.000000000000000000e+00
-1.438865827918541784e+00,1.503223145580179443e+00,0.000000000000000000e+00
3.568784773232730689e+00,3.398138794094867632e-01,0.000000000000000000e+00
-2.715008476286091543e-01,-1.691476020361150079e+00,0.000000000000000000e+00
2.909246808406587448e+00,1.200054649879221058e+00,0.000000000000000000e+00
-3.208722797516036618e+00,-1.265727019045089552e+00,0.000000000000000000e+00
-1.042497225458523413e+00,-1.721928317648947937e+00,0.000000000000000000e+00
-2.283484185141864575e+00,-1.291552480239043010e+00,0.000000000000000000e+00
3.511176839323224996e+00,-4.608578577006808286e-01,0.000000000000000000e+00
3.251708574060298673e+00,1.233524257079215092e+00,0.000000000000000000e+00
2.307607283114994079e+00,-1.273353164195810239e+00,0.000000000000000000e+00
3.467465779230636258e+00,3.215939610838839946e-01,0.000000000000000000e+00
-3.280353601645161987e+00,-3.657233901891916994e-01,0.000000000000000000e+00
-3.285325578412434222e+00,1.127801862092160601e+00,0.000000000000000000e+00
-3.651441833698852335e+00,-2.795764155716580213e-01,0.000000000000000000e+00
-2.389579810397845172e+00,1.353509897005824358e+00,0.000000000000000000e+00
1.458060229267200469e+00,1.860656495587348358e+00,0.000000000000000000e+00
3.609586674577455412e+00,2.179004036037485159e-01,0.000000000000000000e+00
-3.978977164488317619e+00,-2.278672264852461271e-01,0.000000000000000000e+00
2.247495289068386359e+00,-1.704274080941682312e+00,0.000000000000000000e+00
-2.458651717582251983e+00,1.257199686259660609e+00,0.000000000000000000e+00
7.160981220855394680e-01,2.079585180801489130e+00,0.000000000000000000e+00
3.026100846634086405e+00,8.384048680338856974e-01,0.000000000000000000e+00
3.087200805420432737e+00,9.169577028058565338e-01,0.000000000000000000e+00
6.216612971870708604e-01,1.710852369842382537e+00,0.000000000000000000e+00
2.948856941001374299e+00,1.071434023549003411e+00,0.000000000000000000e+00
-3.562689451699482812e-01,1.879462079360536997e+00,0.000000000000000000e+00
3.490852421361212876e+00,7.703271430197392577e-01,0.000000000000000000e+00
3.771739918825522508e+00,8.246122557407207232e-01,0.000000000000000000e+00
2.568397238113298897e+00,-1.628447156858813472e+00,0.000000000000000000e+00
1.845929530410474584e+00,1.498106468711510653e+00,0.000000000000000000e+00
-3.637902796575177344e+00,-7.159783995358947051e-01,0.000000000000000000e+00
5.001876971517439374e-01,-1.684679782641851808e+00,0.000000000000000000e+00
-3.615623737599560350e+00,5.078995918037038093e-01,0.000000000000000000e+00
2.066611266322971208e+00,1.487440700317378850e+00,0.000000000000000000e+00
1.126272630288146059e+00,1.718306966866644192e+00,0.000000000000000000e+00
-3.448155333148684942e+00,7.721449570523347683e-01,0.000000000000000000e+00
-3.943955057665015751e+00,-3.535454281026930712e-01,0.000000000000000000e+00
-1.966127740225886100e+00,1.363126631353398288e+00,0.000000000000000000e+00
8.133040583143616997e-01,-2.029075192056636112e+00,0.000000000000000000e+00
2.574930176576211219e-02,-2.005616872111833260e+00,0.000000000000000000e+00
3.117248903058349008e+00,-7.670650031748861286e-01,0.000000000000000000e+00
4.121549108885307788e+00,3.790750217555218238e-01,0.000000000000000000e+00
3.013245198745784670e+00,-1.158209975048120288e+00,0.000000000000000000e+00
-3.312105197703108406e+00,1.325573547732282531e+00,0.000000000000000000e+00
2.523688619337942196e+00,-1.209469301758984594e+00,0.000000000000000000e+00
-1.391507162898278027e+00,-1.782908217208743373e+00,0.000000000000000000e+00
3.578898003308627285e+00,-1.425438426809513270e-01,0.000000000000000000e+00
2.100882324135902590e-01,-1.799021438713551468e+00,0.000000000000000000e+00
-2.557660162426773631e+00,1.458941845614465826e+00,0.000000000000000000e+00
-4.175595671753510096e+00,-1.394693069593655292e-02,0.000000000000000000e+00
-2.905824202277738522e+00,1.427767966585170356e+00,0.000000000000000000e+00
-2.644607337287738336e+00,1.501535056265204116e+00,0.000000000000000000e+00
-2.636079541215484712e-01,1.920713544340755252e+00,0.000000000000000000e+00
-4.174849815766122241e+00,5.286360327105491669e-02,0.000000000000000000e+00
-1.575069303304841517e+00,-1.722219412412451689e+00,0.000000000000000000e+00
-7.067012370876675220e-01,2.036674068518864011e+00,0.000000000000000000e+00
-4.051348054340602189e+00,-3.127486125078561829e-01,0.000000000000000000e+00
2.599937805912693189e+00,1.181094609076397628e+00,0.000000000000000000e+00
2.170127875855630162e+00,1.706119012245986388e+00,0.000000000000000000e+00
3.157972629754759453e+00,4.782366568215130620e-01,0.000000000000000000e+00
3.561670809740203669e+00,-3.312377218067079632e-01,0.000000000000000000e+00
3.527826634012477314e+00,4.279264578824593795e-02,0.000000000000000000e+00
1.649111765651704475e+00,1.712442968794711362e+00,0.000000000000000000e+00
-3.045606277719193233e+00,-1.306677577409505409e+00,0.000000000000000000e+00
2.957952344765276909e+00,8.297270291670044706e-01,0.000000000000000000e+00
2.807413363780189464e+00,-1.287038272431431762e+00,0.000000000000000000e+00
-7.949588315478581801e-01,-2.056976361819919052e+00,0.000000000000000000e+00
3.449551005649896585e+00,-3.697475579692828251e-01,0.000000000000000000e+00
-3.954663642136273971e+00,-9.493644606750624437e-02,0.000000000000000000e+00
